0.00000e+00  0.00000e+00
5.00000e-02  1.19398e-03
1.00000e-01  1.06031e-03
1.50000e-01  2.26400e-03
2.00000e-01  2.43058e-03
2.50000e-01  6.15340e-03
3.00000e-01  1.40893e-02
3.50000e-01  2.11073e-02
4.00000e-01  2.75137e-02
4.50000e-01  3.84900e-02
5.00000e-01  5.00943e-02
5.50000e-01  6.09597e-02
6.00000e-01  7.58650e-02
6.50000e-01  8.46897e-02
7.00000e-01  9.76304e-02
7.50000e-01  1.09800e-01
8.00000e-01  1.23981e-01
8.50000e-01  1.31274e-01
9.00000e-01  1.40329e-01
9.50000e-01  1.47883e-01
1.00000e+00  1.52308e-01
1.05000e+00  1.59630e-01
1.10000e+00  1.64589e-01
1.15000e+00  1.66637e-01
1.20000e+00  1.68180e-01
1.25000e+00  1.70633e-01
1.30000e+00  1.71039e-01
1.35000e+00  1.70876e-01
1.40000e+00  1.71092e-01
1.45000e+00  1.70962e-01
1.50000e+00  1.69800e-01
1.55000e+00  1.68184e-01
1.60000e+00  1.66364e-01
1.65000e+00  1.63837e-01
1.70000e+00  1.61743e-01
1.75000e+00  1.59799e-01
1.80000e+00  1.57400e-01
1.85000e+00  1.53451e-01
1.90000e+00  1.51291e-01
1.95000e+00  1.48393e-01
2.00000e+00  1.46130e-01
2.05000e+00  1.43375e-01
2.10000e+00  1.39802e-01
2.15000e+00  1.37951e-01
2.20000e+00  1.36649e-01
2.25000e+00  1.33952e-01
2.30000e+00  1.28674e-01
2.35000e+00  1.26411e-01
2.40000e+00  1.23389e-01
2.45000e+00  1.20531e-01
2.50000e+00  1.18678e-01
2.55000e+00  1.15347e-01
2.60000e+00  1.12885e-01
2.65000e+00  1.09715e-01
2.70000e+00  1.06455e-01
2.75000e+00  1.04503e-01
2.80000e+00  1.03184e-01
2.85000e+00  1.00800e-01
2.90000e+00  9.82413e-02
2.95000e+00  9.57032e-02
3.00000e+00  9.33607e-02
3.05000e+00  9.16478e-02
3.10000e+00  8.92142e-02
3.15000e+00  8.75873e-02
3.20000e+00  8.54126e-02
3.25000e+00  8.33957e-02
3.30000e+00  8.13164e-02
3.35000e+00  7.95060e-02
3.40000e+00  7.83002e-02
3.45000e+00  7.58500e-02
3.50000e+00  7.45633e-02
3.55000e+00  7.25913e-02
3.60000e+00  7.08484e-02
3.65000e+00  6.93412e-02
3.70000e+00  6.80299e-02
3.75000e+00  6.67900e-02
3.80000e+00  6.55128e-02
3.85000e+00  6.54315e-02
3.90000e+00  6.37626e-02
3.95000e+00  6.12647e-02
4.00000e+00  5.89883e-02
4.05000e+00  5.88700e-02
4.10000e+00  5.74107e-02
4.15000e+00  5.39623e-02
4.20000e+00  5.25547e-02
4.25000e+00  5.22858e-02
4.30000e+00  5.19522e-02
4.35000e+00  5.09400e-02
4.40000e+00  4.96588e-02
4.45000e+00  4.86380e-02
4.50000e+00  4.84644e-02
4.55000e+00  4.74236e-02
4.60000e+00  4.61926e-02
4.65000e+00  4.47302e-02
4.70000e+00  4.31495e-02
4.75000e+00  4.30333e-02
4.80000e+00  4.21633e-02
4.85000e+00  4.05289e-02
4.90000e+00  3.95382e-02
4.95000e+00  3.97052e-02
5.00000e+00  3.86497e-02
5.05000e+00  3.82271e-02
5.10000e+00  3.62875e-02
5.15000e+00  3.53884e-02
5.20000e+00  3.51062e-02
5.25000e+00  3.50900e-02
5.30000e+00  3.49548e-02
5.35000e+00  3.31408e-02
5.40000e+00  3.28300e-02
5.45000e+00  3.22199e-02
5.50000e+00  3.11417e-02
5.55000e+00  3.05700e-02
5.60000e+00  3.06954e-02
5.65000e+00  2.95115e-02
5.70000e+00  2.94681e-02
5.75000e+00  2.90156e-02
5.80000e+00  2.80087e-02
5.85000e+00  2.71700e-02
5.90000e+00  2.70355e-02
5.95000e+00  2.72286e-02
6.00000e+00  2.60400e-02
6.05000e+00  2.58653e-02
6.10000e+00  2.50340e-02
6.15000e+00  2.41043e-02
6.20000e+00  2.37113e-02
6.25000e+00  2.38051e-02
6.30000e+00  2.28640e-02
6.35000e+00  2.26500e-02
6.40000e+00  2.24689e-02
6.45000e+00  2.19241e-02
6.50000e+00  2.12262e-02
6.55000e+00  2.06128e-02
6.60000e+00  2.03534e-02
6.65000e+00  2.04085e-02
6.70000e+00  2.02328e-02
6.75000e+00  1.97276e-02
6.80000e+00  1.92918e-02
6.85000e+00  1.92474e-02
6.90000e+00  1.91909e-02
6.95000e+00  1.87513e-02
7.00000e+00  1.81653e-02
7.05000e+00  1.76747e-02
7.10000e+00  1.72306e-02
7.15000e+00  1.66950e-02
7.20000e+00  1.61384e-02
7.25000e+00  1.58398e-02
7.30000e+00  1.58692e-02
7.35000e+00  1.56863e-02
7.40000e+00  1.51984e-02
7.45000e+00  1.47491e-02
7.50000e+00  1.46243e-02
7.55000e+00  1.47356e-02
7.60000e+00  1.48685e-02
7.65000e+00  1.48080e-02
7.70000e+00  1.43783e-02
7.75000e+00  1.38096e-02
7.80000e+00  1.35649e-02
7.85000e+00  1.36108e-02
7.90000e+00  1.32079e-02
7.95000e+00  1.25794e-02
8.00000e+00  1.23499e-02
8.05000e+00  1.24610e-02
8.10000e+00  1.24500e-02
8.15000e+00  1.20075e-02
8.20000e+00  1.14599e-02
8.25000e+00  1.12571e-02
8.30000e+00  1.13258e-02
8.35000e+00  1.13222e-02
8.40000e+00  1.12864e-02
8.45000e+00  1.13312e-02
8.50000e+00  1.14024e-02
8.55000e+00  1.10001e-02
8.60000e+00  1.02992e-02
8.65000e+00  9.97329e-03
8.70000e+00  1.00370e-02
8.75000e+00  1.02030e-02
8.80000e+00  1.02546e-02
8.85000e+00  1.01900e-02
8.90000e+00  1.00427e-02
8.95000e+00  9.82726e-03
9.00000e+00  9.55385e-03
9.05000e+00  9.23251e-03
9.10000e+00  8.87408e-03
9.15000e+00  8.50774e-03
9.20000e+00  8.18101e-03
9.25000e+00  7.94219e-03
9.30000e+00  7.83116e-03
9.35000e+00  7.84227e-03
9.40000e+00  7.95442e-03
9.45000e+00  8.12201e-03
9.50000e+00  8.24476e-03
9.55000e+00  8.21498e-03
9.60000e+00  7.92500e-03
9.65000e+00  7.35373e-03
9.70000e+00  6.82645e-03
9.75000e+00  6.67510e-03
9.80000e+00  6.79922e-03
9.85000e+00  6.95284e-03
9.90000e+00  6.88990e-03
9.95000e+00  6.41246e-03
1.00000e+01  5.81958e-03
1.00500e+01  5.70175e-03
1.01000e+01  6.27013e-03
1.01500e+01  6.88238e-03
1.02000e+01  7.03494e-03
1.02500e+01  6.79200e-03
1.03000e+01  6.31053e-03
1.03500e+01  5.81148e-03
1.04000e+01  5.51912e-03
1.04500e+01  5.46866e-03
1.05000e+01  5.54974e-03
1.05500e+01  5.64825e-03
1.06000e+01  5.66833e-03
1.06500e+01  5.64906e-03
1.07000e+01  5.68782e-03
1.07500e+01  5.79852e-03
1.08000e+01  5.88624e-03
1.08500e+01  5.84878e-03
1.09000e+01  5.58442e-03
1.09500e+01  5.09337e-03
1.10000e+01  4.60319e-03
1.10500e+01  4.34139e-03
1.11000e+01  4.30745e-03
1.11500e+01  4.39865e-03
1.12000e+01  4.51181e-03
1.12500e+01  4.55706e-03
1.13000e+01  4.54299e-03
1.13500e+01  4.52165e-03
1.14000e+01  4.51864e-03
1.14500e+01  4.52497e-03
1.15000e+01  4.52934e-03
1.15500e+01  4.52171e-03
1.16000e+01  4.51113e-03
1.16500e+01  4.52134e-03
1.17000e+01  4.57027e-03
1.17500e+01  4.63004e-03
1.18000e+01  4.65227e-03
1.18500e+01  4.58847e-03
1.19000e+01  4.39015e-03
1.19500e+01  4.00882e-03
1.20000e+01  3.39600e-03
